4 -20.57 7847
0 -0.18 1 -0.26 2 -29.88 3 -0.26 4 -20.57 7848
0 -0.18 1 -0.26 2 -29.88 3 -0.18 4 -20.57 7849
0 -0.18 1 -0.18 2 -29.88 3 -0.26 4 -20.57 7850
0 -0.18 1 -0.18 2 -29.88 3 -0.18 4 -20.57 7851
0 -0.18 1 -0.26 2 -29.88 3 -0.18 4 -20.57 7852
0 -0.18 1 -0.26 2 -29.88 3 -0.18 4 -20.48 7853
0 -0.18 1 -0.26 2 -29.88 3 -0.18 4 -20.48 7854
0 -0.18 1 -0.26 2 -29.88 3 -0.26 4 -20.48 7855
0 -0.18 1 -0.26 2 -29.88 3 -0.26 4 -20.57 7856
0 -0.18 1 -0.18 2 -29.88 3 -0.26 4 -20.57 7857
0 -0.18 1 -0.18 2 -29.88 3 -0.18 4 -20.48 7858
0 -0.18 1 -0.26 2 -29.88 3 -0.18 4 -20.57 7859
0 -0.18 1 -0.26 2 -29.88 3 -0.18 4 -20.57 7860
0 -0.18 1 -0.18 2 -29.88 3 -0.18 4 -20.57 7861
0 -0.18 1 -0.18 2 -29.88 3 -0.18 4 -20.57 7862
0 -0.18 1 -0.26 2 -29.88 3 -0.18 4 -20.57 7863
0 -0.18 1 -0.26 2 -29.88 3 -0.18 4 -20.57 7864
0 -0.18 1 -0.18 2 -29.88 3 -0.26 4 -20.57 7865
0 -0.18 1 -0.26 2 -29.88 3 -0.18 4 -20.57 7866
0 -0.18 1 -0.26 2 -29.88 3 -0.18 4 -20.57 7867
0 -0.18 1 -0.26 2 -29.88 3 -0.18 4 -20.57 7868
0 -0.26 1 -0.26 2 -29.88 3 -0.18 4 -20.57 7869
0 -0.18 1 -0.26 2 -29.88 3 -0.18 4 -20.57 7870
0 -0.26 1 -0.18 2 -29.88 3 -0.18 4 -20.57 7871
0 -0.18 1 -0.18 2 -29.97 3 -0.18 4 -20.48 7872
0 -0.26 1 -0.26 2 -29.88 3 -0.26 4 -20.57 7873
0 -0.18 1 -0.18 2 -29.88 3 -0.26 4 -20.57 7874
0 -0.18 1 -0.18 2 -29.88 3 -0.18 4 -20.57 7875
0 -0.18 1 -0.26 2 -29.88 3 -0.18 4 -20.48 7876
0 -0.26 1 -0.26 2 -29.88 3 -0.18 4 -20.57 7877
0 -0.18 1 -0.18 2 -29.88 3 -0.18 4 -20.57 7878
0 -0.18 1 -0.26 2 -29.88 3 -0.18 4 -20.48 7879
0 -0.26 1 -0.18 2 -29.88 3 -0.18 4 -20.57 7880
0 -0.18 1 -0.26 2 -29.88 3 -0.18 4 -20.57 7881
0 -0.18 1 -0.26 2 -29.88 3 -0.18 4 -20.57 7882
0 -0.26 1 -0.18 2 -29.88 3 -0.18 4 -20.57 7883
0 -0.18 1 -0.26 2 -29.88 3 -0.26 4 -20.57 7884
0 -0.18 1 -0.26 2 -29.88 3 -0.18 4 -20.57 7885
0 -0.18 1 -0.26 2 -29.97 3 -0.26 4 -20.57 7886
0 -0.18 1 -0.18 2 -29.88 3 -0.18 4 -20.57 7887
0 -0.18 1 -0.18 2 -29.88 3 -0.26 4 -20.57 7888
0 -0.18 1 -0.18 2 -29.88 3 -0.18 4 -20.57 7889
0 -0.18 1 -0.26 2 -29.88 3 -0.18 4 -20.57 7890
0 -0.18 1 -0.18 2 -29.88 1 -0.26 2 0.18 3 -0.26 4 0.18 1146
0 0.18 1 -0.18 2 0.18 3 -0.26 4 0.26 1147
0 0.18 1 -0.26 2 0.18 3 -0.26 4 0.26 1148
0 0.18 1 -0.26 2 0.18 3 -0.26 4 0.18 1149
0 0.18 1 -0.26 2 0.18 3 -0.26 4 0.18 1150
0 0.18 1 -0.26 2 0.18 3 -0.26 4 0.26 1151
0 0.18 1 -0.18 2 0.18 3 -0.26 4 0.26 1152
0 0.18 1 -0.18 2 0.18 3 -0.26 4 0.26 1153
0 0.18 1 -0.26 2 0.18 3 -0.26 4 0.26 1154
0 0.18 1 -0.26 2 0.09 3 -0.26 4 0.18 1155
0 0.18 1 -0.18 2 0.18 3 -0.26 4 0.18 1156
0 0.18 1 -0.18 2 0.18 3 -0.26 4 0.26 1157
0 0.09 1 -0.18 2 0.18 3 -0.26 4 0.18 1158
0 0.18 1 -0.26 2 0.18 3 -0.26 4 0.26 1159
0 0.18 1 -0.26 2 0.18 3 -0.26 4 0.26 1160
0 0.18 1 -0.26 2 0.09 3 -0.18 4 0.18 1161
0 0.18 1 -0.26 2 0.18 3 -0.26 4 0.18 1162
0 0.18 1 -0.26 2 0.18 3 -0.26 4 0.26 1163
0 0.18 1 -0.26 2 0.18 3 -0.26 4 0.26 1164
0 0.18 1 -0.26 2 0.09 3 -0.18 4 0.18 1165
0 0.18 1 -0.18 2 0.18 3 -0.26 4 0.18 1166
0 0.18 1 -0.26 2 0.18 3 -0.26 4 0.26 1167
0 0.18 1 -0.26 2 0.18 3 -0.26 4 0.26 1168
0 0.18 1 -0.26 2 0.09 3 -0.26 4 0.18 1169
0 0.18 1 -0.18 2 0.18 3 -0.26 4 0.26 1170
0 0.18 1 -0.26 2 0.18 3 -0.26 4 0.18 1171
0 0.09 1 -0.26 2 0.18 3 -0.26 4 0.18 1172
0 0.18 1 -0.26 2 0.09 3 -0.26 4 0.26 1173
0 0.18 1 -0.18 2 0.09 3 -0.26 4 0.18 1174
0 0.18 1 -0.26 2 0.18 3 -0.26 4 0.18 1175
0 0.18 1 -0.18 2 0.18 3 -0.26 4 0.18 1176
0 0.18 1 -0.18 2 0.18 3 -0.26 4 0.18 1177
0 0.18 1 -0.18 2 0.09 3 -0.26 4 0.26 1178
0 0.18 1 -0.26 2 0.09 3 -0.26 4 0.26 1179
0 0.18 1 -0.26 2 0.18 3 -0.26 4 0.18 1180
0 0.18 1 -0.26 2 0.09 3 -0.26 4 0.18 1181
0 0.18 1 -0.26 2 0.09 3 -0.26 4 0.26 1182
0 0.18 1 -0.26 2 0.09 3 -0.18 4 0.18 1183
0 0.18 1 -0.26 2 0.18 3 -0.26 4 0.26 1184
0 0.18 1 -0.26 2 0.09 3 -0.26 4 0.26 1185
0 0.18 1 -0.26 2 0.18 3 -0.26 4 0.18 1186
0 0.18 1 -0.26 2 0.18 3 -0.26 4 0.26 1187
0 0.18 1 -0.26 2 0.18 3 -0.26 4 0.18 1188
0 0.18 1 -0.26 2 0.09 3 -0.26 4 0.18 1189
0 0.09 1 -0.26 2 0.18 3 -0.26 4 0.26 1190
0 0.18 1 -0.18 2 0.18 3 -0.26 4 0.18 1191
0 0.09 1 -0.26 2 0.09 3 -0.26 4 0.18 1192
0 0.18 1 -0.26 2 0.18 3 -0.26 4 0.18 1193
0 0.18 1 -0.26 2 0.18 3 -0.26 4 0.18 1194
0 0.09 1 -0.26 2 0.09 3 -0.26 4 0.26 1195
0 0.18 1 -0.18 2 0.09 3 -0.26 4 0.18 1196
0 0.18 1 -0.26 2 0.18 3 -0.26 4 0.18 1197
0 0.18 1 -0.26 2 0.18 3 -0.26 4 0.18 1198
0 0.18 1 -0.26 2 0.09 3 -0.26 4 0.18 1199
0 0.18 1 -0.26 2 0.18 3 -0.26 4 0.18 1200
0 0.18 1 -0.26 2 0.09 3 -0.18 4 0.18 1201
0 0.18 1 -0.26 2 0.18 3 -0.26 4 0.18 1202
0 0.18 1 -0.26 2 0.18 3 -0.26 4 0.26 1203
0 0.18 1 -0.26 2 0.18 3 -0.26 4 0.18 1204
0 0.18 1 -0.26 2 0.18 3 -0.26 4 0.26 1205
0 0.18 1 -0.26 2 0.18 3 -0.26 4 0.18 1206
0 0.09 1 -0.26 2 0.09 3 -0.18 4 0.18 1207
